              precision    recall  f1-score   support

         MEL     0.6679    0.8296    0.7400       223
          NV     0.9607    0.8934    0.9258      1341
         BCC     0.8624    0.9126    0.8868       103
       AKIEC     0.7667    0.7077    0.7360        65
         BKL     0.7287    0.8545    0.7866       220
          DF     0.8750    0.9130    0.8936        23
        VASC     0.9286    0.9286    0.9286        28

    accuracy                         0.8777      2003
   macro avg     0.8271    0.8628    0.8425      2003
weighted avg     0.8898    0.8777    0.8813      2003
