              precision    recall  f1-score   support

         MEL     0.7424    0.6592    0.6983       223
          NV     0.9161    0.9448    0.9302      1341
         BCC     0.7965    0.8738    0.8333       103
       AKIEC     0.8333    0.6154    0.7080        65
         BKL     0.7235    0.7136    0.7185       220
          DF     0.9524    0.8696    0.9091        23
        VASC     1.0000    0.8214    0.9020        28

    accuracy                         0.8707      2003
   macro avg     0.8520    0.7854    0.8142      2003
weighted avg     0.8684    0.8707    0.8683      2003
