              precision    recall  f1-score   support

         MEL     0.3809    0.8027    0.5166       223
          NV     0.9700    0.7002    0.8133      1341
         BCC     0.6549    0.9029    0.7592       103
       AKIEC     0.5781    0.5692    0.5736        65
         BKL     0.5516    0.7773    0.6453       220
          DF     0.8261    0.8261    0.8261        23
        VASC     0.9615    0.8929    0.9259        28

    accuracy                         0.7304      2003
   macro avg     0.7033    0.7816    0.7229      2003
weighted avg     0.8278    0.7304    0.7530      2003
