              precision    recall  f1-score   support

         MEL     0.6628    0.5112    0.5772       223
          NV     0.8508    0.9441    0.8950      1341
         BCC     0.7791    0.6505    0.7090       103
       AKIEC     0.5172    0.4615    0.4878        65
         BKL     0.7333    0.5000    0.5946       220
          DF     0.8333    0.6522    0.7317        23
        VASC     0.9032    1.0000    0.9492        28

    accuracy                         0.8138      2003
   macro avg     0.7543    0.6742    0.7064      2003
weighted avg     0.8030    0.8138    0.8027      2003
