              precision    recall  f1-score   support

         MEL     0.6878    0.7309    0.7087       223
          NV     0.9393    0.9224    0.9308      1341
         BCC     0.7731    0.8932    0.8288       103
       AKIEC     0.8679    0.7077    0.7797        65
         BKL     0.7556    0.7727    0.7640       220
          DF     0.8333    0.8696    0.8511        23
        VASC     0.9643    0.9643    0.9643        28

    accuracy                         0.8762      2003
   macro avg     0.8316    0.8373    0.8325      2003
weighted avg     0.8794    0.8762    0.8771      2003
